0.0564940000
0.0502500000
0.0496480000
0.0504620000
0.0499590000
0.0932460000
0.0439570000
0.0434010000
0.0433930000
0.0434310000
0.0435480000
0.0430220000
0.0429160000
0.0428010000
0.0419010000
0.0435490000
0.0435180000
0.0427100000
0.0477500000
0.0439760000
0.0433430000
0.0442030000
0.0431690000
0.0495000000
0.0438360000
0.0797340000
0.0447070000
0.0448760000
0.0426810000
0.0432580000
0.0421370000
0.0442250000
0.0437210000
0.0438840000
0.0431750000
0.0450510000
0.0442090000
0.0441000000
0.0439690000
0.0442620000
0.0448700000
0.0440940000
0.0430120000
0.0434410000
0.0423040000
0.0445250000
0.0420110000
0.0852390000
0.0434200000
0.0430990000
0.0473190000
0.0452130000
0.0441150000
0.0444600000
0.0433730000
0.0429780000
0.0437110000
0.0446950000
0.0425960000
0.0434500000
0.0439210000
0.0440140000
0.0454450000
0.0431430000
0.0438820000
0.0436200000
0.0441520000
0.0442210000
0.0477760000
0.0446260000
0.0434680000
0.0428400000
0.0459020000
0.0430560000
0.0443390000
0.0432950000
0.0435400000
0.0434320000
0.0427870000
0.0426310000
0.0436710000
0.0438570000
0.0438280000
0.0439480000
0.0446510000
0.0454440000
0.0439200000
0.0441600000
0.0440400000
0.0435670000
0.0434820000
0.0440780000
0.0795100000
0.0445550000
0.0452760000
0.0434510000
0.0433890000
0.0467390000
0.0437760000
0.0443810000
0.0444770000
0.0438600000
0.0441510000
0.0437720000
0.0442620000
0.0438280000
0.0440900000
0.0547710000
0.0603750000
0.0447590000
0.0445130000
0.0435880000
0.0443250000
0.0439940000
0.0820840000
0.0449780000
0.0428760000
0.0443280000
0.0439080000
0.0460150000
0.0460780000
0.0433590000
0.0472740000
0.0437170000
0.0446400000
0.0450060000
0.0446210000
0.0490620000
0.0448120000
0.0446680000
0.0458440000
0.0446660000
0.0439530000
0.0450790000
0.0457310000
0.0439520000
0.0816310000
0.0433770000
0.0454460000
0.0465260000
0.0445420000
0.0451480000
0.0439480000
0.0439130000
0.0462970000
0.0448430000
0.0434020000
0.0440380000
0.0491570000
0.0454960000
0.0444300000
0.0444350000
0.0447240000
0.0443210000
0.0439470000
0.0442760000
0.0440830000
0.0456320000
0.0801180000
0.0440860000
0.0446500000
0.0441010000
0.0446130000
0.0446920000
0.0442290000
0.0448580000
0.0448740000
0.0444590000
0.0460010000
0.0455280000
0.0469130000
0.0469980000
0.0449270000
0.0429340000
0.0493290000
0.0441170000
0.0442220000
0.0450380000
0.0443630000
0.0436510000
0.0778240000
0.0450820000
0.0445880000
0.0451910000
0.0450880000
0.0449730000
0.0451480000
0.0447800000
0.0462730000
0.0447140000
0.0438630000
0.0457300000
0.0503860000
0.0486680000
0.0471350000
0.0475150000
0.0500410000
0.0508950000
0.0467470000
0.0457210000
0.0587710000
0.0812700000
0.0451200000
0.0433830000
0.0515210000
0.0479970000
0.0514010000
0.0456760000
0.0453100000
0.0462130000
0.0459550000
0.0464190000
0.0487660000
0.0458760000
0.0453810000
0.0456950000
0.0459990000
0.0463680000
0.0457280000
0.0469620000
0.0457110000
0.0459610000
0.0821070000
0.0479230000
0.0460720000
0.0470880000
0.0466560000
0.0465450000
0.0469390000
0.0458580000
0.0504340000
0.0489460000
0.0461860000
0.0468490000
0.0443270000
0.0462420000
0.0462250000
0.0469420000
0.0466150000
0.0460130000
0.0457770000
0.0517420000
0.0504400000
0.0860620000
0.0462300000
0.0457750000
0.0458840000
0.0461020000
0.0456450000
0.0461630000
0.0466830000
0.0465330000
0.0469130000
0.0481280000
0.0462140000
0.0464790000
0.0454400000
0.0475510000
0.0482800000
0.0483350000
0.0468020000
0.0467450000
0.0477950000
0.0463630000
0.0477350000
0.0472370000
0.0471090000
0.0460050000
0.0513910000
0.0533820000
0.0515730000
0.0473490000
0.0481750000
0.0480320000
0.0488180000
0.0468750000
0.0479920000
0.0487630000
0.0478730000
0.0485070000
0.0479160000
0.0473680000
0.0472080000
0.0474000000
0.0499370000
0.0927560000
0.0462970000
0.0512040000
0.0725510000
0.0570890000
0.0503860000
0.0491210000
0.0485690000
0.0519280000
0.0506700000
0.0506970000
0.0508100000
0.0520860000
0.0529660000
0.0593590000
0.0609810000
0.0629510000
0.0530290000
0.0487920000
0.0515440000
0.0523510000
0.0503680000
0.0542590000
0.0476430000
0.0481860000
0.0474840000
0.0476790000
0.0488130000
0.0486880000
0.0478110000
0.0499910000
0.0491420000
0.0482690000
0.0491050000
0.0462770000
0.0529250000
0.0550140000
0.0535290000
0.0901790000
0.0498590000
0.0502910000
0.0490470000
0.0478950000
0.0476340000
0.0493310000
0.0481090000
0.0478000000
0.0493510000
0.0493950000
0.0491670000
0.0507290000
0.0478540000
0.0492280000
0.0479640000
0.0518060000
0.0477750000
0.0473460000
0.0473160000
0.0839530000
0.0488790000
0.0513390000
0.0493130000
0.0458420000
0.0459620000
0.0525000000
0.0537990000
0.0529680000
0.0521030000
0.0518670000
0.0504650000
0.0496710000
0.0489160000
0.0490750000
0.0519320000
0.0486820000
0.0474440000
0.0490680000
0.0476030000
0.0847450000
0.0493390000
0.0485870000
0.0481940000
0.0478820000
0.0483020000
0.0455050000
0.0473150000
0.0487560000
0.0473900000
0.0507380000
0.0491010000
0.0492430000
0.0528840000
0.0513570000
0.0497500000
0.0510960000
0.0485970000
0.0497790000
0.0493520000
0.0510610000
0.0484890000
0.0516410000
0.0529370000
0.0504860000
0.0507610000
0.0482550000
0.0504980000
0.0511800000
0.0503730000
0.0503970000
0.0518720000
0.0493940000
0.0508200000
0.0534710000
0.0496590000
0.0511630000
0.0516160000
0.0501970000
0.0492240000
0.0519080000
0.0544770000
0.0552430000
0.0493330000
0.0491680000
0.0502460000
0.0503000000
0.0509390000
0.0502140000
0.0507920000
0.0500480000
0.0471750000
0.0505610000
0.0511600000
0.0522100000
0.0510830000
0.0506230000
0.0508940000
0.0511980000
0.0497230000
0.0497150000
0.0500140000
0.0500700000
0.0498550000
0.0497620000
0.0514000000
0.0500700000
0.0505430000
0.0497360000
0.0493480000
0.0468950000
0.0501870000
0.0540920000
0.0497600000
0.0496280000
0.0497070000
0.0530540000
0.0505130000
0.0514560000
0.0500320000
0.0500490000
0.0504480000
0.0516810000
0.0502080000
0.0502930000
0.0504460000
0.0517000000
0.0531630000
0.0510570000
0.0525610000
0.0530560000
0.0504040000
0.0501120000
0.0503660000
0.0500410000
0.0504320000
0.0482220000
0.0501900000
0.0497130000
0.0496650000
0.0510730000
0.0508790000
0.0510140000
0.0511730000
0.0495390000
0.0495180000
0.0508180000
0.0526560000
0.0505310000
0.0526600000
0.0513790000
0.0510390000
0.0517010000
0.0509940000
0.0506820000
0.0505920000
0.0526240000
0.0484020000
0.0508360000
0.0515860000
0.0511630000
0.0505850000
0.0510440000
0.0518040000
0.0529640000
0.0496080000
0.0500460000
0.0531480000
0.0497790000
0.0503780000
0.0503100000
0.0508390000
0.0507050000
0.0503430000
0.0522090000
0.0502610000
0.0521760000
0.0532420000
0.0532950000
0.0518050000
0.0520390000
0.0520330000
0.0514170000
0.0535770000
0.0519500000
0.0509520000
0.0499800000
0.0480010000
0.0551950000
0.0568070000
0.0599780000
0.0518570000
0.0578920000
0.0570140000
0.0575530000
0.0506950000
0.0521050000
0.0516710000
0.0498250000
0.0889880000
0.0493680000
0.0501610000
0.0503490000
0.0502030000
0.0524500000
0.0491320000
0.0498450000
0.0519650000
0.0518610000
0.0514250000
0.0510840000
0.0517300000
0.0503000000
0.0507930000
0.0537150000
0.0524570000
0.0514890000
0.0518060000
0.0521270000
0.0535780000
0.0491070000
0.0544360000
0.0550870000
0.0571060000
0.0561080000
0.0580520000
0.0568910000
0.0560050000
0.0509770000
0.0535450000
0.0552750000
0.0544600000
0.0509370000
0.0523650000
0.0525280000
0.0512010000
0.0512150000
0.0862620000
0.0515510000
0.0525480000
0.0526680000
0.0518470000
0.0551210000
0.0514060000
0.0524790000
0.0520050000
0.0524420000
0.0531500000
0.0530640000
0.0581370000
0.0510500000
0.0510940000
0.0527270000
0.0523320000
0.0515630000
0.0523070000
0.0522980000
0.0519310000
0.0516670000
0.0510730000
0.0536280000
0.0676990000
0.0855950000
0.0653620000
0.0538470000
0.0531640000
0.0523960000
0.0529700000
0.0528680000
0.0548990000
0.0525500000
0.0535680000
0.0526380000
0.0521370000
0.0522250000
0.0522600000
0.0540590000
0.0534780000
0.0565840000
0.0530260000
0.0522980000
0.0531680000
0.0527540000
0.0525060000
0.0535730000
0.0534450000
0.0533510000
0.0517790000
0.0532750000
0.0530390000
0.0527820000
0.0483540000
0.0522630000
0.0524290000
0.0548190000
0.0526850000
0.0513390000
0.0587960000
0.0531950000
0.0539340000
0.0546720000
0.0517260000
0.0522600000
0.0529450000
0.0524620000
0.0531090000
0.0540290000
0.0547500000
0.0532580000
0.0526390000
0.0539740000
0.0529040000
0.0548330000
0.0566800000
0.0567480000
0.0524770000
0.0541860000
0.0533040000
0.0539720000
0.0539700000
0.0528910000
0.0524320000
0.0528230000
0.0532370000
0.0525090000
0.0526870000
0.0540550000
0.0537640000
0.0540860000
0.0511790000
0.0529420000
0.0539020000
0.0551070000
0.0550340000
0.0553390000
0.0535060000
0.0524590000
0.0527080000
0.0539730000
0.0526940000
0.0541910000
0.0555670000
0.0540790000
0.0536720000
0.0551400000
0.0556420000
0.0535110000
0.0548940000
0.0534640000
0.0478290000
0.0538730000
0.0529390000
0.0553030000
0.0564130000
0.0553750000
0.0533480000
0.0509500000
0.0537650000
0.0532580000
0.0533270000
0.0531700000
0.0551470000
0.0524740000
0.0535330000
0.0546580000
0.0542260000
0.0543450000
0.0562560000
0.0529380000
0.0530270000
0.0566860000
0.0566270000
0.0545970000
0.0544330000
0.0532000000
0.0540630000
0.0540730000
0.0549840000
0.0543290000
0.0547130000
0.0547970000
0.0537580000
0.0544000000
0.0550970000
0.0546420000
0.0555450000
0.0532920000
0.0564320000
0.0547620000
0.0538160000
0.0548670000
0.0536870000
0.0542990000
0.0550670000
0.0539810000
0.0498200000
0.0541550000
0.0543000000
0.0542330000
0.0542080000
0.0547810000
0.0539820000
0.0541070000
0.0549060000
0.0546730000
0.0539280000
0.0532260000
0.0540910000
0.0557160000
0.0550300000
0.0557140000
0.0537190000
0.0546970000
0.0543300000
0.0547710000
0.0549080000
0.0557790000
0.0506800000
0.0533910000
0.0541840000
0.0536670000
0.0538290000
0.0543780000
0.0550980000
0.0542420000
0.0552540000
0.0536740000
0.0542520000
0.0549650000
0.0542780000
0.0548520000
0.0552710000
0.0539580000
0.0538240000
0.0540090000
0.0550800000
0.0537790000
0.0542240000
0.0555380000
0.0545910000
0.0543740000
0.0553010000
0.0531500000
0.0553310000
0.0548200000
0.0557350000
0.0538520000
0.0550890000
0.0535650000
0.0553120000
0.0544950000
0.0543680000
0.0554550000
0.0551620000
0.0530040000
0.0547980000
0.0574670000
0.0557700000
0.0572100000
0.0483990000
0.0534200000
0.0546790000
0.0547740000
0.0559810000
0.0557380000
0.0540180000
0.0546810000
0.0540050000
0.0556070000
0.0560190000
0.0572450000
0.0593760000
0.0546840000
0.0546400000
0.0552590000
0.0564690000
0.0530640000
0.0527740000
0.0553790000
0.0535540000
0.0547040000
0.0522410000
0.0543280000
0.0536230000
0.0541450000
0.0537590000
0.0551370000
0.0587220000
0.0542130000
0.0549350000
0.0542360000
0.0550820000
0.0570910000
0.0550760000
0.0551410000
0.0561190000
0.0556460000
0.0567630000
0.0541580000
0.0546660000
0.0547070000
0.0548620000
0.0563410000
0.0568420000
0.0533860000
0.0552500000
0.0551030000
0.0557470000
0.0549930000
0.0537770000
0.0537160000
0.0550880000
0.0549610000
0.0559890000
0.0570250000
0.0546510000
0.0553440000
0.0545730000
0.0561640000
0.0558310000
0.0549900000
0.0543480000
0.0550600000
0.0553050000
0.0552090000
0.0560610000
0.0482020000
0.0552390000
0.0562050000
0.0554820000
0.0561810000
0.0560880000
0.0539580000
0.0553100000
0.0553620000
0.0582460000
0.0578190000
0.0550620000
0.0567110000
0.0559380000
0.0559970000
0.0560020000
0.0564090000
0.0559900000
0.0538200000
0.0550590000
0.0561350000
0.0576120000
0.0544230000
0.0711280000
0.0572130000
0.0582170000
0.0561670000
0.0619390000
0.0560580000
0.0584100000
0.0566090000
0.0571650000
0.0567430000
0.0556990000
0.0598060000
0.0555060000
0.0549760000
0.0564830000
0.0542480000
0.0554970000
0.0543250000
0.0549460000
0.0550350000
0.0542590000
0.0545010000
0.0554220000
0.0549440000
0.0553890000
0.0560310000
0.0544460000
0.0541460000
0.0544170000
0.0534880000
0.0551270000
0.0557800000
0.0557780000
0.0624070000
0.0741640000
0.0719050000
0.0677100000
0.0543510000
0.0547980000
0.0583570000
0.0564320000
0.0604590000
0.0564380000
0.0601350000
0.0664940000
0.0642040000
0.0660610000
0.0571780000
0.0511170000
0.0518010000
0.0601780000
0.0638130000
0.0628940000
0.0596060000
0.0543220000
0.0534090000
0.0600870000
0.0570180000
0.0590780000
0.0579000000
0.0537790000
0.0562270000
0.0539730000
0.0980840000
0.0527660000
0.0565780000
0.0546110000
0.0573790000
0.0542540000
0.0529420000
0.0550220000
0.0553440000
0.0560020000
0.0575610000
0.0554920000
0.0569250000
0.0564760000
0.0571790000
0.0566590000
0.0561830000
0.0567520000
0.0558120000
0.0598520000
0.0571740000
0.0571670000
0.0560870000
0.0587820000
0.0568970000
0.0560190000
0.0557510000
0.0595490000
0.0630210000
0.0659080000
0.0611290000
0.0613420000
0.0553490000
0.0562990000
0.0576130000
0.0564270000
0.0968140000
0.0551740000
0.0559060000
0.0568530000
0.0572360000
0.0590360000
0.0554700000
0.0579570000
0.0567700000
0.0573210000
0.0544050000
0.0518660000
0.0563260000
0.0572690000
0.0569240000
0.0612820000
0.0585600000
0.0559220000
0.0582330000
0.0583940000
0.0559980000
0.0567490000
0.0569600000
0.0563850000
0.0571520000
0.0559140000
0.0570380000
0.0558130000
0.0574950000
0.0578820000
0.0551590000
0.0530990000
0.0560080000
0.0590600000
0.0568690000
0.0551670000
0.0572810000
0.0551260000
0.0566120000
0.0564170000
0.0554640000
0.0565430000
0.0551470000
0.0575800000
0.0563320000
0.0554800000
0.0584270000
0.0559320000
0.0574730000
0.0559780000
0.0563440000
0.0572230000
0.0569760000
0.0579310000
0.0562230000
0.0574610000
0.0578480000
0.0570280000
0.0590840000
0.0557890000
0.0562150000
0.0582710000
0.0582430000
0.0559780000
0.0559190000
0.0562550000
0.0579150000
0.0602460000
0.0572280000
0.0590300000
0.0568950000
0.0582690000
0.0568610000
0.0575500000
0.0580190000
0.0586190000
0.0565270000
0.0577720000
0.0562070000
0.0585660000
0.0612650000
0.0576930000
0.0568280000
0.0570620000
0.0573260000
0.0535660000
0.0545470000
0.0567960000
0.0591150000
0.0575040000
0.0562950000
0.0555760000
0.0576520000
0.0599520000
0.0575920000
0.0570810000
0.0595160000
0.0579470000
0.0575740000
0.0611040000
0.0571670000
0.0571930000
0.0572640000
0.0573880000
0.0565640000
0.0586770000
0.0577440000
0.0568130000
0.0570350000
0.0572140000
0.0594390000
0.0574690000
0.0579110000
0.0575650000
0.0589640000
0.0579190000
0.0591920000
0.0574790000
0.0575560000
0.0571550000
0.0568910000
0.0602590000
0.0588050000
0.0588410000
0.0571370000
0.0582750000
0.0582210000
0.0584650000
0.0569290000
0.0553970000
0.0567840000
0.0579530000
0.0554840000
0.0570720000
0.0562690000
0.0559610000
0.0578250000
0.0567290000
0.0572160000
0.0575870000
0.0565040000
0.0571180000
0.0568300000
0.0573840000
0.0572570000
0.0625940000
0.0574120000
0.0561730000
0.0590680000
0.0594900000
0.0573680000
0.0631510000
0.0634740000
0.0633030000
0.0612970000
0.0645010000
0.0613140000
0.0645690000
0.0587100000
0.0563850000
0.0568030000
0.0595340000
0.0598710000
0.0548560000
0.0524340000
0.0591030000
0.0589600000
0.0580010000
0.0582160000
0.0565660000
0.0560220000
0.0574460000
0.0574660000
0.0597220000
0.0588830000
0.0576880000
0.0575250000
0.0611980000
0.0573540000
0.0596370000
0.0565760000
0.0569830000
0.0582300000
0.0601680000
0.0594360000
0.0570590000
0.0605080000
0.0586130000
0.0572790000
0.0566040000
0.0588390000
0.0581450000
0.0598610000
0.0588160000
0.0600930000
0.0642620000
0.0581610000
0.0577070000
0.0593760000
0.0609790000
0.0585660000
0.0576530000
0.0578700000
0.0594320000
0.0567010000
0.0596390000
0.0578170000
0.0591490000
0.0585910000
0.0579030000
0.0581800000
0.0588450000
0.0577460000
0.0581920000
0.0573520000
0.0583070000
0.0617920000
0.0581710000
0.0574140000
0.0610380000
0.0580630000
0.0594790000
0.0570490000
0.0597090000
0.0589870000
0.0578420000
0.0584680000
0.0592960000
0.0568470000
0.0574180000
0.0556060000
0.0528620000
0.0616950000
0.0627880000
0.0599480000
0.0599300000
0.0549280000
0.0547540000
0.0591010000
0.0606380000
0.0606630000
0.0585920000
0.0578800000
0.0577860000
0.0574040000
0.0584920000
0.0579870000
0.0601930000
0.0997060000
0.0551180000
0.0578080000
0.0599440000
0.0627760000
0.0596750000
0.0622750000
0.0599920000
0.0576490000
0.0581310000
0.0580840000
0.0593460000
0.0574280000
0.0587640000
0.0612020000
0.0586650000
0.0579400000
0.0595420000
0.0613720000
0.0592570000
0.0588950000
0.0585190000
0.0565750000
0.0638320000
0.0610250000
0.0601510000
0.0591730000
0.0603450000
0.0577250000
0.0574380000
0.0581720000
0.0576590000
0.0585570000
0.0583430000
0.0996160000
0.0558950000
0.0582910000
0.0578100000
0.0599890000
0.0583160000
0.0622820000
0.0597080000
0.0594500000
0.0581680000
0.0628620000
0.0596320000
0.0586250000
0.0600740000
0.0609890000
0.0591700000
0.0561160000
0.0580210000
0.0588910000
0.0589170000
0.0605420000
0.0553330000
0.0588880000
0.0612640000
0.0592290000
0.0588690000
0.0587360000
0.0605220000
0.0596770000
0.0590020000
0.0610910000
0.0559670000
0.0592770000
0.0590320000
0.0607420000
0.0618160000
0.0656110000
0.0658850000
0.0722320000
0.0628190000
0.0572010000
0.0602570000
0.0598790000
0.0596150000
0.0593590000
0.0564540000
0.0579730000
0.0588370000
0.0581190000
0.0577500000
0.0583070000
0.0992900000
0.0532160000
0.0569930000
0.0579380000
0.0599140000
0.0607100000
0.0579910000
0.0599350000
0.0600430000
0.0604360000
0.0595070000
0.0585050000
0.0595920000
0.0583300000
0.0582100000
0.0595040000
0.0603730000
0.0577500000
0.0588330000
0.0632360000
0.0615570000
0.0599280000
0.0598600000
0.0598070000
0.0589700000
0.0596380000
0.0603710000
0.0581500000
0.0613030000
0.0610360000
0.0622140000
0.0612680000
0.0597700000
0.0613910000
0.0988140000
0.0564740000
0.0575810000
0.0591320000
0.0606340000
0.0594760000
0.0584810000
0.0637280000
0.0599850000
0.0597960000
0.0616600000
0.0641760000
0.0598040000
0.0594250000
0.0612880000
0.0610690000
0.0599810000
0.0607080000
0.0569900000
0.0595330000
0.0601760000
0.0603710000
0.0570500000
0.0641450000
0.0623470000
0.0598590000
0.0591620000
0.0600320000
0.0604240000
0.0598200000
0.0589380000
0.0609020000
0.0571340000
0.0591770000
0.0593140000
0.0604790000
0.0592000000
0.0601570000
0.0596990000
0.0607520000
0.0599400000
0.0605360000
0.0603630000
0.0597830000
0.0599020000
0.0596220000
0.0598130000
0.0581960000
0.0601350000
0.0613660000
0.0600960000
0.0590650000
0.0590340000
0.0600440000
0.0595630000
0.0592090000
0.0593650000
0.0620290000
0.0604220000
0.0597330000
0.0616700000
0.0591030000
0.0596270000
0.0594150000
0.0603340000
0.0621550000
0.0588860000
0.0605520000
0.0610440000
0.0592880000
0.0611320000
0.0606730000
0.0603530000
0.0594580000
0.0598660000
0.0600820000
0.0603050000
0.0593040000
0.0592470000
0.0592770000
0.0591710000
0.0617480000
0.0664840000
0.0594130000
0.0646560000
0.0595850000
0.0595770000
0.0630000000
0.0594980000
0.0594000000
0.0609590000
0.0602440000
0.0606310000
0.0598690000
0.0608820000
0.0593920000
0.0596780000
0.0594280000
0.0619310000
0.0587320000
0.0590470000
0.0607360000
0.0606980000
0.0604450000
0.0667640000
0.0623450000
0.0574540000
0.0641180000
0.0572260000
0.0595770000
0.0601820000
0.0605600000
0.0568770000
0.0566330000
0.0607620000
0.0638730000
0.0614640000
0.0616180000
0.1009580000
0.0568790000
0.0602850000
0.0604000000
0.0598870000
0.0598060000
0.0607530000
0.0607290000
0.0610650000
0.0578580000
0.0589610000
0.0613560000
0.0599990000
0.0602690000
0.0603120000
0.0595620000
0.1064590000
0.0643580000
0.0682690000
0.0654800000
0.0658160000
0.0626560000
0.0626140000
0.0624190000
0.0613900000
0.0653000000
0.0606930000
0.0598990000
0.0614320000
0.0625990000
0.0597250000
0.0574310000
0.1043910000
0.0623690000
0.0612290000
0.0621530000
0.0601230000
0.0617170000
0.0630220000
0.0616550000
0.0617480000
0.0602600000
0.0602900000
0.0611580000
0.0607170000
0.0595000000
0.0608930000
0.0607620000
0.1076340000
0.0572940000
0.0615110000
0.0595400000
0.0600670000
0.0618780000
0.0614990000
0.0602930000
0.0626600000
0.0613950000
0.0610680000
0.0613330000
0.0629960000
0.0611260000
0.0582240000
0.0605760000
0.0597660000
0.0604640000
0.0622080000
0.0608290000
0.0612430000
0.0586620000
0.0607980000
0.0602870000
0.0609510000
0.0619000000
0.0621350000
0.0612040000
0.0613660000
0.0597930000
0.0600450000
0.0601740000
0.0622910000
0.0583290000
0.0571510000
0.0630510000
0.0647400000
0.0624890000
0.0630690000
0.0623100000
0.0584450000
0.0612220000
0.0611250000
0.0599140000
0.0605210000
0.0605070000
0.0615420000
0.0608930000
0.0603480000
0.0612290000
0.1008900000
0.0572670000
0.0645630000
0.0615670000
0.0610900000
0.0608660000
0.0620270000
0.0615310000
0.0651130000
0.0640890000
0.0614110000
0.0612440000
0.0620500000
0.0629660000
0.0614120000
0.0616960000
0.0613790000
0.0608210000
0.0638490000
0.0626060000
0.0601050000
0.0619750000
0.0601770000
0.0620570000
0.0612270000
0.0617000000
0.0610180000
0.0616800000
0.0626430000
0.0617600000
0.0622980000
0.0630230000
0.0608290000
0.0617210000
0.0633150000
0.0616080000
0.0607460000
0.0627200000
0.0608000000
0.0609610000
0.0613150000
0.0627900000
0.0618620000
0.0613700000
0.0623620000
0.0633110000
0.0618970000
0.0613930000
0.0607070000
0.0618400000
0.0609620000
0.0620280000
0.0621780000
0.0607750000
0.0603760000
0.0618230000
0.0622570000
0.0608090000
0.0608350000
0.0590670000
0.0603930000
0.0629040000
0.0623910000
0.0599860000
0.0601000000
0.0621560000
0.0620020000
0.0655600000
0.0615220000
0.0630670000
0.0618400000
0.0634000000
0.0611430000
0.0610060000
0.0612680000
0.0624440000
0.0610110000
0.0632790000
0.0623070000
0.0622410000
0.0608680000
0.0622130000
0.0609040000
0.0659490000
0.0603920000
0.0618320000
0.0613370000
0.0633960000
0.0619540000
0.0613430000
0.0631130000
0.0598140000
0.0617410000
0.0624000000
0.0612240000
0.0604450000
0.0636300000
0.0611970000
0.0609910000
0.0628390000
0.0621710000
0.0613290000
0.0621370000
0.0629950000
0.0621170000
0.0638770000
0.0617700000
0.0623780000
0.0624750000
0.0630680000
0.0627030000
0.0632310000
0.0609680000
0.0613110000
0.0622050000
0.0632710000
0.0615120000
0.0617260000
0.0633510000
0.0612950000
0.0615950000
0.0621020000
0.0622510000
0.0642260000
0.0627630000
0.0608270000
0.0632240000
0.0622020000
0.0611590000
0.0719020000
0.0607940000
0.0610450000
0.0634640000
0.0622360000
0.0622550000
0.0629010000
0.0611760000
0.0616600000
0.0625870000
0.0616830000
0.0613700000
0.0633890000
0.0704870000
0.0622030000
0.0600670000
0.0598240000
0.0606050000
0.0630260000
0.0615910000
0.0611320000
0.0644390000
0.0621410000
0.0618060000
0.0622970000
0.0628430000
0.0596000000
0.0614750000
0.0646320000
0.0647710000
0.0620450000
0.0624240000
0.0611640000
0.0634390000
0.0608000000
0.0654040000
0.0619000000
0.0612030000
0.0614100000
0.1031910000
0.0606990000
0.0623380000
0.0623280000
0.0645710000
0.0613470000
0.0661910000
0.0629260000
0.0617950000
0.0645430000
0.0620700000
0.0627950000
0.0630730000
0.0609480000
0.0625920000
0.0639450000
0.0614990000
0.0614800000
0.0647680000
0.0623770000
0.0617900000
0.0631770000
0.0615510000
0.0617190000
0.0643840000
0.0631380000
0.0636870000
0.0653300000
0.0627010000
0.0626940000
0.0632970000
0.0620330000
0.0631080000
0.0655930000
0.0625230000
0.0643200000
0.0619650000
0.0623950000
0.0650630000
0.0635770000
0.0613650000
0.0623540000
0.0640010000
0.0622360000
0.0641140000
0.0647090000
0.0625640000
0.0638750000
0.0615250000
0.0631000000
0.0635240000
0.0613150000
0.0614530000
0.0644710000
0.0622720000
0.0628120000
0.0635860000
0.0608480000
0.0615680000
0.0644150000
0.0617070000
0.0621050000
0.0637030000
0.0614710000
0.0628300000
0.0639650000
0.0616450000
0.0631660000
0.0642660000
0.0636650000
0.0630900000
0.0632920000
0.0637780000
0.0639510000
0.0643490000
0.0616540000
0.0633890000
0.0589310000
0.0616780000
0.0632390000
0.0636060000
0.0628230000
0.0619930000
0.0633230000
0.0622200000
0.0625210000
0.0646680000
0.0618760000
0.0652100000
0.0626250000
0.0616180000
0.0620710000
0.0643010000
0.0632340000
0.0628280000
0.0619720000
0.0596860000
0.0631800000
0.0614150000
0.0622110000
0.0636000000
0.0615700000
0.0623220000
0.0637500000
0.0613620000
0.0629200000
0.0680880000
0.0642610000
0.0618150000
0.0670470000
0.0620690000
0.0646590000
0.0617990000
0.0635570000
0.0632480000
0.0617030000
0.0616750000
0.0643800000
0.0682110000
0.0634090000
0.0625050000
0.0639340000
0.0599530000
0.0651110000
0.0633100000
0.0729410000
0.0633830000
0.0640140000
0.1073340000
0.0602870000
0.0666130000
0.0673660000
0.0640820000
0.0633320000
0.0621270000
0.0626800000
0.0663160000
0.0620450000
0.0612590000
0.0634550000
0.0617330000
0.0630590000
0.0644070000
0.0611880000
0.1067560000
0.0602430000
0.0632860000
0.0638360000
0.0642730000
0.0621630000
0.0620450000
0.0577320000
0.0625560000
0.0693220000
0.0666240000
0.0659800000
0.0659040000
0.0831000000
0.0667850000
0.1046100000
0.0599260000
0.0642100000
0.0636350000
0.0677480000
0.0630940000
0.0630020000
0.0642190000
0.0641080000
0.0631140000
0.0638940000
0.0617990000
0.0630190000
0.0631890000
0.0651390000
0.0623290000
0.0632310000
0.0649430000
0.0661810000
0.0598120000
0.0628150000
0.0647550000
0.0619550000
0.0647110000
0.0655230000
0.0654990000
0.0660540000
0.0631820000
0.0631810000
0.0656510000
0.0647560000
0.0632820000
0.0637550000
0.0645510000
0.0664980000
0.0619590000
0.0640590000
0.0647910000
0.0644600000
0.0662950000
0.0622050000
0.0634020000
0.0652480000
0.0619210000
0.0636520000
0.0636380000
0.0628950000
0.0643820000
0.0655710000
0.0639830000
0.0648850000
0.0634340000
0.0635840000
0.0647170000
0.0626400000
0.0639760000
0.0636140000
0.0636080000
0.0640840000
0.0644170000
0.0630180000
0.0658750000
0.0624680000
0.0632850000
0.0663310000
0.0632050000
0.0650090000
0.0694210000
0.0659490000
0.0651470000
0.0674370000
0.0643160000
0.0619460000
0.0633300000
0.0641590000
0.0622180000
0.0634680000
0.0665920000
0.0596520000
0.0631310000
0.0639590000
0.0606150000
0.0626740000
0.0679130000
0.0623230000
0.0628230000
0.0644140000
0.0655850000
0.0641780000
0.0683250000
0.0659440000
0.0639670000
0.0661170000
0.0639800000
0.0638460000
0.0628510000
0.0654120000
0.0628200000
0.0654340000
0.0643500000
0.0630990000
0.0632850000
0.0647490000
0.0648810000
0.0656880000
0.0649430000
0.0635570000
0.0652830000
0.0639750000
0.0650110000
0.0631770000
0.0630440000
0.0645930000
0.0618310000
0.0628310000
0.0643690000
0.0623100000
