0.0166670000
0.4000000000
0.1486260000
0.0662310000
0.0525340000
0.0530480000
0.0927340000
0.0482390000
0.0489820000
0.0473660000
0.0479970000
0.0478130000
0.0480190000
0.0490940000
0.0744870000
0.0517410000
0.0478570000
0.0476260000
0.0487090000
0.0481730000
0.0465490000
0.0479280000
0.0498990000
0.0532950000
0.0475960000
0.0480280000
0.0487990000
0.0478590000
0.0475510000
0.0482820000
0.0528340000
0.0485670000
0.0487510000
0.0492050000
0.0496380000
0.0491920000
0.0483090000
0.0482320000
0.0556740000
0.0486100000
0.0478260000
0.0474350000
0.0478120000
0.0489070000
0.0497060000
0.0479250000
0.0470360000
0.0482090000
0.0483430000
0.0488900000
0.0500200000
0.0485780000
0.0480630000
0.0477460000
0.0492820000
0.0482750000
0.0489050000
0.0540690000
0.0485150000
0.0495570000
0.0483510000
0.0483110000
0.0496670000
0.0496450000
0.0506020000
0.0504180000
0.0478580000
0.0473000000
0.0485250000
0.0484710000
0.0495670000
0.0489710000
0.0485770000
0.0488870000
0.0485520000
0.0489490000
0.0504630000
0.0492470000
0.0493380000
0.0486220000
0.0498500000
0.0479820000
0.0483850000
0.0486170000
0.0494320000
0.0487790000
0.0491250000
0.0496940000
0.0480390000
0.0467480000
0.0472390000
0.0460740000
0.0474810000
0.0471370000
0.0478630000
0.0481980000
0.0500570000
0.0508840000
0.0489240000
0.0485850000
0.0496310000
0.0497320000
0.0486970000
0.0485970000
0.0493790000
0.0492910000
0.0506280000
0.0561180000
0.0506620000
0.0491700000
0.0483220000
0.0490410000
0.0502340000
0.0489790000
0.0486770000
0.0488860000
0.0493430000
0.0495020000
0.0484240000
0.0501470000
0.0503630000
0.0498440000
0.0494980000
0.0486940000
0.0484810000
0.0475480000
0.0471850000
0.0471990000
0.0479060000
0.0508550000
0.0514810000
0.0501120000
0.0516170000
0.0479450000
0.0478900000
0.0480600000
0.0488380000
0.0489980000
0.0496930000
0.0489080000
0.0482370000
0.0488160000
0.0475490000
0.0483690000
0.0513940000
0.0490760000
0.0474230000
0.0481700000
0.0480140000
0.0462790000
0.0468560000
0.0537270000
0.0469950000
0.0461710000
0.0467990000
0.0470160000
0.0479760000
0.0489040000
0.0496760000
0.0473010000
0.0477930000
0.0486070000
0.0492160000
0.0510550000
0.0494290000
0.0480990000
0.0486820000
0.0479050000
0.0472550000
0.0477030000
0.0483640000
0.0492090000
0.0523240000
0.0506680000
0.0477170000
0.0484750000
0.0476760000
0.0484180000
0.0481220000
0.0492580000
0.0487720000
0.0485120000
0.0483090000
0.0507430000
0.0478540000
0.0485440000
0.0476040000
0.0484010000
0.0477720000
0.0480950000
0.0483350000
0.0481910000
0.0500890000
0.0517020000
0.0517940000
0.0486400000
0.0481520000
0.0509510000
0.0484580000
0.0499230000
0.0477020000
0.0493350000
0.0495300000
0.0513080000
0.0486080000
0.0499860000
0.0480520000
0.0478710000
0.0481400000
0.0481770000
0.0483850000
0.0499840000
0.0485180000
0.0490400000
0.0513400000
0.0515950000
0.0505700000
0.0485900000
0.0481420000
0.0484860000
0.0495560000
0.0483810000
0.0472770000
0.0480010000
0.0491020000
0.0498420000
0.0496080000
0.0484250000
0.0489770000
0.0483840000
0.0484490000
0.0500020000
0.0487890000
0.0484320000
0.0494660000
0.0502990000
0.0522810000
0.0506290000
0.0477100000
0.0480360000
0.0486710000
0.0487620000
0.0478560000
0.0479560000
0.0490690000
0.0476010000
0.0481870000
0.0466570000
0.0475200000
0.0454330000
0.0451860000
0.0469460000
0.0481250000
0.0492210000
0.0480310000
0.0498700000
0.0485300000
0.0501840000
0.0518350000
0.0498650000
0.0489820000
0.0482610000
0.0482050000
0.0492770000
0.0497160000
0.0487890000
0.0481670000
0.0473940000
0.0472670000
0.0482910000
0.0471670000
0.0490660000
0.0488110000
0.0491970000
0.0485070000
0.0499130000
0.0492810000
0.0485710000
0.0489300000
0.0524550000
0.0540010000
0.0498150000
0.0505580000
0.0519430000
0.0496010000
0.0487390000
0.0485670000
0.0486870000
0.0476230000
0.0500480000
0.0495570000
0.0500210000
0.0493920000
0.0491720000
0.0502820000
0.0507040000
0.0491080000
0.0495190000
0.0493080000
0.0503270000
0.0546940000
0.0602430000
0.0499700000
0.0502400000
0.0507280000
0.0506900000
0.0497790000
0.0494570000
0.0496320000
0.0516270000
0.0498500000
0.0490850000
0.0491840000
0.0491000000
0.0508970000
0.0502960000
0.0501180000
0.0510440000
0.0531190000
0.0500270000
0.0566800000
0.0546910000
0.0491570000
0.0489700000
0.0496280000
0.0493440000
0.0489300000
0.0494070000
0.0494900000
0.0500650000
0.0505280000
0.0505760000
0.0492170000
0.0490130000
0.0496650000
0.0497660000
0.0507020000
0.0489920000
0.0479270000
0.0486110000
0.0479530000
0.0482970000
0.0498490000
0.0494700000
0.0489640000
0.0488900000
0.0488840000
0.0498000000
0.0506320000
0.0506140000
0.0499300000
0.0495500000
0.0502790000
0.0511230000
0.0504140000
0.0491650000
0.0484080000
0.0489990000
0.0493800000
0.0485700000
0.0503570000
0.0501070000
0.0500150000
0.0504460000
0.0528200000
0.0530910000
0.0517620000
0.0553240000
0.0497380000
0.0503180000
0.0504520000
0.0508680000
0.0494170000
0.0545200000
0.0510320000
0.0498030000
0.0494330000
0.0490160000
0.0506470000
0.0495630000
0.0483330000
0.0493920000
0.0489070000
0.0486930000
0.0494170000
0.0508710000
0.0546240000
0.0507720000
0.0513440000
0.0498490000
0.0495410000
0.0510160000
0.0524100000
0.0500220000
0.0491020000
0.0496030000
0.0487270000
0.0491230000
0.0527780000
0.0519360000
0.0529470000
0.0514550000
0.0508000000
0.0524710000
0.0509950000
0.0503540000
0.0537940000
0.0538640000
0.0506810000
0.0507410000
0.0522540000
0.0520690000
0.0512940000
0.0507860000
0.0487010000
0.0493950000
0.0495730000
0.0502280000
0.0514320000
0.0505620000
0.0498650000
0.0506730000
0.0496600000
0.0505460000
0.0509330000
0.0529840000
0.0534680000
0.0516880000
0.0501270000
0.0497860000
0.0508850000
0.0492560000
0.0501430000
0.0519050000
0.0507550000
0.0510740000
0.0521350000
0.0509960000
0.0487360000
0.0500920000
0.0484790000
0.0484370000
0.0486060000
0.0494770000
0.0483470000
0.0485550000
0.0510800000
0.0501060000
0.0511520000
0.0511220000
0.0519810000
0.0541380000
0.0497200000
0.0495020000
0.0494930000
0.0490450000
0.0513330000
0.0502460000
0.0494380000
0.0504320000
0.0510080000
0.0509070000
0.0502760000
0.0514960000
0.0520630000
0.0499030000
0.0499380000
0.0511840000
0.0504280000
0.0483160000
0.0526120000
0.0519000000
0.0514700000
0.0503530000
0.0507640000
0.0505490000
0.0521420000
0.0504910000
0.0493550000
0.0518700000
0.0511990000
0.0502230000
0.0496760000
0.0507850000
0.0519670000
0.0518680000
0.0542800000
0.0541670000
0.0537070000
0.0536400000
0.0541650000
0.0548640000
0.0540610000
0.0523750000
0.0503230000
0.0499390000
0.0500880000
0.0506480000
0.0522630000
0.0513470000
0.0513890000
0.0509550000
0.0514970000
0.0540970000
0.0517310000
0.0515280000
0.0519980000
0.0512490000
0.0512200000
0.0516850000
0.0522840000
0.0528920000
0.0513460000
0.0503920000
0.0491800000
0.0487990000
0.0492680000
0.0493550000
0.0498960000
0.0491170000
0.0569760000
0.0649940000
0.0570960000
0.0510220000
0.0526420000
0.0517230000
0.0524250000
0.0518880000
0.0526490000
0.0536590000
0.0520110000
0.0522280000
0.0595760000
0.0545960000
0.0530550000
0.0525340000
0.0522520000
0.0501600000
0.0499310000
0.0510690000
0.0517900000
0.0506310000
0.0527310000
0.0514340000
0.0533420000
0.0530230000
0.0544910000
0.0499900000
0.0501370000
0.0511720000
0.0515120000
0.0509420000
0.0542110000
0.0528550000
0.0524540000
0.0507790000
0.0511200000
0.0520650000
0.0539350000
0.0522460000
0.0513270000
0.0534130000
0.0535220000
0.0522130000
0.0510470000
0.0531160000
0.0518900000
0.0524870000
0.0521910000
0.0526000000
0.0545140000
0.0525630000
0.0545140000
0.0559230000
0.0558250000
0.0535770000
0.0540260000
0.0521510000
0.0513210000
0.0504540000
0.0523120000
0.0521890000
0.0523510000
0.0540370000
0.0514560000
0.0522530000
0.0535790000
0.0496840000
0.0511260000
0.0504130000
0.0501720000
0.0510150000
0.0519710000
0.0510530000
0.0514040000
0.0519780000
0.0532340000
0.0512550000
0.0502910000
0.0514960000
0.0562970000
0.0540570000
0.0542530000
0.0546630000
0.0537430000
0.0517690000
0.0518260000
0.0535380000
0.0524080000
0.0530940000
0.0525450000
0.0535590000
0.0533260000
0.0644880000
0.0604310000
0.0519860000
0.0517860000
0.0510640000
0.0526170000
0.0536970000
0.0574680000
0.0542790000
0.0543110000
0.0529820000
0.0521650000
0.0517800000
0.0540380000
0.0581570000
0.0518480000
0.0525670000
0.0539360000
0.0556300000
0.0558500000
0.0518610000
0.0568640000
0.0523170000
0.0530530000
0.0515060000
0.0520440000
0.0530690000
0.0523470000
0.0522570000
0.0520040000
0.0523750000
0.0535120000
0.0516330000
0.0511970000
0.0514030000
0.0524510000
0.0531190000
0.0547370000
0.0559190000
0.0535570000
0.0499740000
0.0511530000
0.0521220000
0.0535180000
0.0531800000
0.0525330000
0.0529420000
0.0536040000
0.0515720000
0.0575550000
0.0529850000
0.0548330000
0.0550010000
0.0541190000
0.0530050000
0.0519090000
0.0536650000
0.0549090000
0.0560030000
0.0535950000
0.0555270000
0.0530970000
0.0536800000
0.0527030000
0.0540570000
0.0536990000
0.0545260000
0.0544880000
0.0527950000
0.0536140000
0.0544720000
0.0532600000
0.0527840000
0.0557840000
0.0546790000
0.0537500000
0.0535800000
0.0538890000
0.0531890000
0.0544410000
0.0585320000
0.0513440000
0.0534830000
0.0541680000
0.0520950000
0.0528360000
0.0528720000
0.0542130000
0.0517990000
0.0528340000
0.0539880000
0.0527390000
0.0533650000
0.0545600000
0.0543170000
0.0518320000
0.0524090000
0.0513460000
0.0539900000
0.0555160000
0.0558890000
0.0542060000
0.0528600000
0.0534230000
0.0536640000
0.0518680000
0.0536920000
0.0599850000
0.0541870000
0.0532010000
0.0543550000
0.0525380000
0.0537260000
0.0533110000
0.0532890000
0.0555140000
0.0542470000
0.0539170000
0.0550270000
0.0655160000
0.0546190000
0.0528450000
0.0545360000
0.0532380000
0.0534360000
0.0535220000
0.0556610000
0.0537100000
0.0553220000
0.0533520000
0.0560270000
0.0563310000
0.0528710000
0.0528460000
0.0521750000
0.0539600000
0.0541150000
0.0545200000
0.0583170000
0.0577260000
0.0551320000
0.0543990000
0.0537790000
0.0561170000
0.0538800000
0.0517520000
0.0544220000
0.0536640000
0.0546820000
0.0538940000
0.0558620000
0.0539000000
0.0540380000
0.0524480000
0.0536700000
0.0530750000
0.0544700000
0.0547960000
0.0616810000
0.0537880000
0.0536610000
0.0535930000
0.0579970000
0.0525170000
0.0552770000
0.0525890000
0.0534670000
0.0555470000
0.0541760000
0.0522440000
0.0546500000
0.0533000000
0.0533950000
0.0551980000
0.0583530000
0.0539370000
0.0572200000
0.0574610000
0.0562870000
0.0553530000
0.0542390000
0.0545890000
0.0545400000
0.0530370000
0.0560260000
0.0549900000
0.0531710000
0.0544460000
0.0550350000
0.0541510000
0.0549260000
0.0559660000
0.0536780000
0.0535820000
0.0551520000
0.0536730000
0.0555700000
0.0531380000
0.0536270000
0.0537540000
0.0536990000
0.0531910000
0.0532950000
0.0555940000
0.0539770000
0.0528550000
0.0526070000
0.0529840000
0.0541090000
0.0555870000
0.0559860000
0.0588790000
0.0565250000
0.0572530000
0.0572640000
0.0611180000
0.0564790000
0.0570600000
0.0562600000
0.0540360000
0.0541800000
0.0561970000
0.0538230000
0.0555810000
0.0568630000
0.0540210000
0.0553770000
0.0539100000
0.0572360000
0.0591530000
0.0545460000
0.0540180000
0.0540240000
0.0605180000
0.0581560000
0.0590920000
0.0736020000
0.0576950000
0.0549940000
0.0546350000
0.0571230000
0.0576920000
0.0571160000
0.0540390000
0.0539400000
0.0541490000
0.0546280000
0.0551570000
0.0560230000
0.0545540000
0.0545470000
0.0544330000
0.0551380000
0.0549760000
0.0561120000
0.0565170000
0.0544930000
0.0603290000
0.0560180000
0.0567480000
0.0568700000
0.0561770000
0.0551510000
0.0574820000
0.0562270000
0.0544370000
0.0578810000
0.0565760000
0.0554070000
0.0558630000
0.0568220000
0.0565040000
0.0552760000
0.0593310000
0.0579750000
0.0549630000
0.0562390000
0.0563220000
0.0574230000
0.0578400000
0.0544720000
0.0557690000
0.0553810000
0.0571380000
0.0566140000
0.0543860000
0.0542740000
0.0541020000
0.0567060000
0.0568440000
0.0551310000
0.0577820000
0.0581680000
0.0572210000
0.0582030000
0.0546900000
0.0570930000
0.0558170000
0.0618220000
0.0566510000
0.0551430000
0.0573020000
0.0562560000
0.0590340000
0.0562400000
0.0602400000
0.0560770000
0.0606020000
0.0594930000
0.0642200000
0.0649280000
0.0626080000
0.0627160000
0.0650400000
0.0579420000
0.0567960000
0.0557220000
0.0604190000
0.0559590000
0.0578080000
0.0570550000
0.0583840000
0.0597210000
0.0572240000
0.0567980000
0.0550250000
0.0572280000
0.0557710000
0.0589680000
0.0587370000
0.0586760000
0.0555820000
0.0555080000
0.0572320000
0.0567080000
0.0567630000
0.0551630000
0.0576710000
0.0571490000
0.0592850000
0.0567010000
0.0558670000
0.0566710000
0.0582850000
0.0628780000
0.0594940000
0.0570940000
0.0603510000
0.0575090000
0.0560950000
0.0560220000
0.0569930000
0.0566690000
0.0567990000
0.0576390000
0.0577410000
0.0577660000
0.0569570000
0.0575270000
0.0577620000
0.0571910000
0.0597820000
0.0553050000
0.0576260000
0.0576070000
0.0609920000
0.0582580000
0.0552800000
0.0572500000
0.0585210000
0.0556030000
0.0548320000
0.0583790000
0.0554630000
0.0582900000
0.0572540000
0.0622270000
0.0694570000
0.0648660000
0.0578880000
0.0592520000
0.0585350000
0.0551330000
0.0595030000
0.0594210000
0.0616650000
0.0587720000
0.0671210000
0.0613420000
0.0633490000
0.0767250000
0.1046210000
0.0898810000
0.0704080000
0.0797230000
0.0645670000
0.0653540000
0.0759810000
0.0791840000
0.0626360000
0.0619270000
0.0586350000
0.0586160000
0.0589570000
0.0555660000
0.0582570000
0.0573680000
0.0585970000
0.0563730000
0.0572610000
0.0560500000
0.0572780000
0.0596150000
0.0564970000
0.0582000000
0.0591120000
0.0611440000
0.0563640000
0.0579630000
0.0571380000
0.0599410000
0.0559870000
0.0577240000
0.0587890000
0.0579470000
0.0578420000
0.0572780000
0.0590790000
0.0564300000
0.0590180000
0.0559590000
0.0571800000
0.0559170000
0.0597600000
0.0575290000
0.0583260000
0.0572450000
0.0642290000
0.0565650000
0.0579360000
0.0564800000
0.0602830000
0.0566160000
0.0559060000
0.0585500000
0.0571750000
0.0578790000
0.0559390000
0.0571230000
0.0581810000
0.0574410000
0.0587090000
0.0619880000
0.0604840000
0.0591440000
0.0561200000
0.0566350000
0.0573090000
0.0603950000
0.0603410000
0.0620060000
0.0572950000
0.0577750000
0.0570150000
0.0583990000
0.0579230000
0.0576360000
0.0561340000
0.0587960000
0.0584590000
0.0614990000
0.0581840000
0.0585380000
0.0607810000
0.0614500000
0.0603180000
0.0616820000
0.0693450000
0.0602340000
0.0583580000
0.0593280000
0.0602460000
0.0599510000
0.0577530000
0.0594350000
0.0571500000
0.0584430000
0.0606680000
0.0607850000
0.0596240000
0.0592960000
0.0572710000
0.0595220000
0.0564380000
0.0581500000
0.0575070000
0.0584580000
0.0596340000
0.0581870000
0.0569560000
0.0608290000
0.0593870000
0.0582970000
0.0581770000
0.0603230000
0.0588150000
0.0607210000
0.0582640000
0.0602460000
0.0577400000
0.0571740000
0.0586620000
0.0590950000
0.0576170000
0.0569990000
0.0578020000
0.0586100000
0.0569740000
0.0573410000
0.0568680000
0.0596380000
0.0564950000
0.0580120000
0.0580790000
0.0694080000
0.0577480000
0.0601200000
0.0603480000
0.0605390000
0.0594390000
0.0590580000
0.0588760000
0.0570140000
0.0578550000
0.0576260000
0.0601750000
0.0611550000
0.0652320000
0.0592160000
0.0581210000
0.0584790000
0.0636990000
0.0623230000
0.0576380000
0.0574610000
0.0594890000
0.0588220000
0.0712410000
0.0648100000
0.0628180000
0.0723040000
0.0626220000
0.0617780000
0.0590830000
0.0581520000
0.0603850000
0.0593040000
0.0626810000
0.0629810000
0.0608230000
0.0595760000
0.0583150000
0.0591760000
0.0581700000
0.0610230000
0.0580100000
0.0579000000
0.0589620000
0.0615650000
0.0577560000
0.0587340000
0.0609150000
0.0578680000
0.0566390000
0.0676910000
0.0781910000
0.0685740000
0.0598740000
0.0588220000
0.0595710000
0.0603700000
0.0579080000
0.0588240000
0.0607500000
0.0596660000
0.0591970000
0.0597900000
0.0638650000
0.0580790000
0.0575580000
0.0589540000
0.0612030000
0.0579520000
0.0626810000
0.0627490000
0.0589720000
0.0601850000
0.0615730000
0.0600950000
0.0590500000
0.0578560000
0.0596310000
0.0588170000
0.0601480000
0.0617510000
0.0597020000
0.0582270000
0.0597540000
0.0580760000
0.0594870000
0.0597860000
0.0636150000
0.0600350000
0.0588220000
0.0593970000
0.0588300000
0.0587330000
0.0578960000
0.0585800000
0.0657950000
0.0574870000
0.0591160000
0.0597200000
0.0602860000
0.0590800000
0.0610830000
0.0606290000
0.0603440000
0.0614560000
0.0604090000
0.0599270000
0.0600180000
0.0598370000
0.0610670000
0.0578040000
0.0599590000
0.0587000000
0.0600590000
0.0573890000
0.0588140000
0.0591420000
0.0611460000
0.0589800000
0.0575720000
0.0613020000
0.0618030000
0.0623210000
0.0602870000
0.0599520000
0.0594600000
0.0593880000
0.0602130000
0.0599200000
0.0617780000
0.0603830000
0.0599790000
0.0605110000
0.0593570000
0.0617870000
0.0596610000
0.0584750000
0.0597580000
0.0587600000
0.0665740000
0.0622420000
0.0606510000
0.0597350000
0.0591690000
0.0606670000
0.0578390000
0.0585740000
0.0623480000
0.0593650000
0.0603190000
0.0597940000
0.0655840000
0.0600730000
0.0608460000
0.0592800000
0.0592650000
0.0620880000
0.0635780000
0.0601900000
0.0595850000
0.0630110000
0.0589660000
0.0619580000
0.0610200000
0.0612950000
0.0577640000
0.0612330000
0.0615730000
0.0583600000
0.0596390000
0.0618380000
0.0602080000
0.0589200000
0.0619480000
0.0624960000
0.0585800000
0.0597610000
0.0601660000
0.0594830000
0.0607900000
0.0602640000
0.0617160000
0.0585000000
0.0595700000
0.0609810000
0.0596590000
0.0598960000
0.0602080000
0.0604170000
0.0581630000
0.0610040000
0.0638520000
0.0581480000
0.0575060000
0.0590670000
0.0606980000
0.0578760000
0.0577360000
0.0589460000
0.0583470000
0.0569630000
0.0607650000
0.0574550000
0.0595700000
0.0582040000
0.0582860000
0.0563390000
0.0572950000
0.0592940000
0.0595480000
0.0587170000
0.0587950000
0.0589800000
0.0581390000
0.0581560000
0.0593220000
0.0574830000
0.0592970000
0.0576250000
0.0592520000
0.0582750000
0.0612870000
0.0597560000
0.0591940000
0.0570520000
0.0573500000
0.0599700000
0.0596880000
0.0617490000
0.0593200000
0.0591510000
0.0616820000
0.0599240000
0.0584220000
0.0601870000
0.0586020000
0.0641230000
0.0628710000
0.0597770000
0.0611030000
0.0638520000
0.0609770000
0.0632270000
0.0600290000
0.0638720000
0.0592620000
0.0606800000
0.0603270000
0.0591850000
0.0628430000
0.0605090000
0.0604320000
0.0621270000
0.0628420000
0.0601630000
0.0596580000
0.0612370000
0.0614030000
0.0599610000
0.0608100000
0.0609040000
0.0623950000
0.0627420000
0.0634700000
0.0600270000
0.0632400000
0.0612320000
0.0615350000
0.0637680000
0.0608140000
0.0651510000
0.0622930000
0.0654230000
0.0581830000
0.0581340000
0.0585010000
0.0619850000
0.0576610000
0.0628450000
0.0630950000
0.0603460000
0.0602840000
0.0612210000
0.0605420000
0.0585730000
0.0608410000
0.0626320000
0.0617350000
0.0618540000
0.0620190000
0.0590180000
0.0604720000
0.0611410000
0.0633650000
0.0616370000
0.0617600000
0.0660070000
0.0614710000
0.0609680000
0.0626000000
0.0593350000
0.0614160000
0.0631580000
0.0592590000
0.0626250000
0.0609530000
0.0586250000
0.0622880000
0.0635630000
0.0618200000
0.0623100000
0.0630410000
0.0603970000
0.0651780000
0.0635940000
0.0591640000
0.0611270000
0.0632360000
0.0618600000
0.0628150000
0.0624570000
0.0595500000
0.0610970000
0.0628350000
0.0606000000
0.0595380000
0.0618140000
0.0610430000
0.0588700000
0.0596040000
0.0683270000
0.0624040000
0.0612480000
0.0616630000
0.0613170000
0.0616080000
0.0631860000
0.0599620000
0.0615710000
0.0625280000
0.0632990000
0.0614750000
0.0609330000
0.0637020000
0.0622470000
0.0629790000
0.0632410000
0.0643250000
0.0624840000
0.0605060000
0.0623310000
0.0624040000
0.0617550000
0.0613840000
0.0623060000
0.0619170000
0.0629150000
0.0626000000
0.0652940000
0.0617410000
0.0639150000
0.0630920000
0.0626550000
0.0659830000
0.0637580000
0.0630430000
0.0644070000
0.0609990000
0.0622440000
0.0614880000
0.0602630000
0.0608840000
0.0630390000
0.0601580000
0.0633250000
0.0612290000
0.0608000000
0.0599840000
0.0608640000
0.0617210000
0.0614570000
0.0629420000
0.0642670000
0.0628380000
0.0624360000
0.0673550000
0.0625820000
0.0641980000
0.0614360000
0.0627700000
0.0648550000
0.0599860000
0.0624910000
0.0632190000
0.0604290000
0.0614920000
0.0622380000
0.0637810000
0.0637660000
0.0651000000
0.0592080000
0.0610940000
0.0627130000
0.0605300000
0.0620400000
0.0652070000
0.0626520000
0.0629870000
0.0631460000
0.0609060000
0.0616020000
0.0609020000
0.0618710000
0.0607420000
0.0635850000
0.0670750000
0.0625610000
0.0638560000
0.0600840000
0.0624080000
0.0693540000
0.0598090000
0.0611890000
0.0640680000
0.0589190000
0.0614310000
0.0625870000
0.0639590000
0.0620650000
0.0640120000
0.0625690000
0.0696720000
0.0651430000
0.0627500000
0.0611430000
0.0612750000
0.0619110000
0.0622890000
0.0611190000
0.0636060000
0.0655760000
0.0620690000
0.0615250000
0.0617400000
0.0603090000
0.0619880000
0.0628020000
0.0631270000
0.0660600000
0.0623000000
0.0607200000
0.0624660000
0.0644140000
0.0596780000
0.0623900000
0.0636290000
0.0604830000
0.0636120000
0.0632250000
0.0604820000
0.0630200000
0.0643270000
0.0611180000
0.0682930000
0.0697230000
0.0696370000
0.0631420000
0.0615680000
0.0615360000
0.0635470000
0.0614700000
0.0614830000
0.0642980000
0.0603610000
0.0603970000
0.0627300000
0.0608310000
0.0609700000
0.0632210000
0.0620220000
0.0630560000
0.0669070000
0.0637800000
0.0621100000
0.0622270000
0.0604490000
0.0624530000
0.0626440000
0.0608440000
0.0613570000
0.0634840000
0.0609710000
0.0625530000
0.0640340000
0.0647510000
0.0625150000
0.0640470000
0.0612030000
0.0665670000
0.0628790000
0.0602560000
0.0651450000
0.0621720000
0.0600650000
0.0628640000
0.0630120000
0.0594910000
0.0612120000
0.0634010000
0.0604690000
0.0630830000
0.0665870000
0.0612720000
0.0625660000
0.0648190000
0.0689050000
0.0640890000
0.0603380000
0.0607370000
0.0631910000
0.0596190000
0.0619770000
0.0622110000
0.0614870000
0.0612910000
0.0609970000
0.0622080000
0.0601860000
0.0625190000
0.0606710000
0.0621830000
0.0667730000
0.0679460000
0.0608850000
0.0627310000
0.0618070000
0.0628160000
0.0651940000
0.0663430000
0.0648360000
0.0627860000
0.0610340000
0.0642880000
0.0629530000
0.0669080000
0.0631920000
0.0627590000
0.0638560000
0.0636540000
0.0630660000
0.0625090000
0.0621680000
0.0607810000
0.0610430000
0.0631820000
0.0624890000
0.0632570000
0.0629190000
0.0632080000
0.0616570000
0.0638280000
0.0603010000
0.0617250000
0.0614880000
0.0613630000
0.0646410000
0.0628950000
0.0613860000
0.0614790000
0.0669470000
0.0607960000
0.0598650000
0.0705300000
0.0644560000
0.0676940000
0.0617990000
0.0628500000
0.0627350000
0.0603880000
0.0608930000
0.0649330000
0.0628160000
0.0664970000
0.0638490000
0.0635860000
0.0669020000
0.0627100000
0.0617340000
0.0668730000
0.0622100000
0.0631060000
0.0625240000
0.0632630000
0.0621300000
0.0648610000
0.0633090000
0.0648120000
0.0656160000
0.0678380000
0.0625800000
0.0606440000
0.0613320000
0.0634810000
0.0610700000
0.0659790000
0.0629160000
0.0601670000
0.0618030000
0.0646830000
0.0613510000
0.0611610000
0.0622770000
0.0607380000
0.0614690000
0.0693060000
0.0639020000
0.0633400000
0.0642060000
0.0636780000
0.0634460000
0.0640830000
0.0639670000
0.0641820000
0.0625220000
0.0626110000
0.0625760000
0.0612280000
0.0618110000
0.0631230000
0.0610190000
0.0629080000
0.0662540000
0.0616710000
0.0633510000
0.0657460000
0.0636160000
0.0672580000
0.0622750000
0.0621650000
0.0627880000
0.0620360000
0.0622430000
0.0645600000
0.0614950000
0.0633570000
0.0635710000
0.0619790000
0.0646950000
0.0671030000
0.0625910000
0.0638940000
0.0613800000
0.0625690000
0.0698640000
0.0599870000
0.0624350000
0.0648770000
0.0610650000
0.0624330000
0.0634910000
0.0605320000
0.0610640000
0.0622580000
0.0652900000
0.0666040000
0.0648090000
0.0658510000
0.0637150000
0.0615030000
0.0629590000
0.0635340000
0.0610780000
0.0635210000
0.0634640000
0.0610460000
0.0752030000
0.0622450000
0.0626620000
0.0659640000
0.0610730000
0.0646960000
0.0649910000
0.0620900000
0.0615240000
0.0657100000
0.0631160000
0.0656720000
0.0622840000
0.0623040000
0.0661460000
0.0633730000
0.0623850000
0.0634610000
0.0618710000
0.0649740000
0.0655350000
0.0676830000
0.0655140000
0.0633610000
0.0622250000
0.0651230000
0.0612400000
0.0618030000
0.0655360000
0.0612150000
0.0636420000
0.0634690000
0.0636570000
0.0627000000
0.0626750000
0.0619200000
0.0623860000
0.0639540000
0.0681320000
0.0671000000
0.0807720000
0.0631930000
0.0665740000
0.0644900000
0.0622760000
0.0629670000
0.0650310000
0.0628500000
0.0620320000
0.0634120000
0.0637060000
0.0676400000
0.0616800000
0.0622210000
0.0714310000
0.0689500000
0.0649670000
0.0627180000
0.0612780000
0.0638140000
0.0627990000
0.0629590000
0.0636660000
0.0617760000
0.0629960000
0.0644510000
0.0628550000
0.0644410000
0.0622680000
0.0609390000
0.0674810000
0.0680360000
0.0638380000
0.0630590000
0.0623500000
0.0629070000
0.0644630000
0.0618850000
0.0647770000
0.0638780000
0.0651190000
0.0644150000
0.0623550000
0.0644170000
0.0650280000
0.0644140000
0.0637050000
0.0751700000
0.0640240000
0.0635350000
0.0631870000
0.0654250000
0.0656600000
0.0620180000
0.0639790000
0.0631540000
0.0640490000
0.0647550000
0.0630820000
0.0625790000
0.0629650000
0.0623160000
0.0629030000
0.0810970000
0.0646280000
0.0639680000
0.0646850000
0.0656270000
0.0612380000
0.0626230000
0.0656360000
0.0630740000
0.0624060000
0.0636480000
0.0639270000
0.0648390000
0.0645690000
0.0640330000
0.0674100000
0.0652490000
0.0665920000
0.0656260000
0.0621270000
0.0648670000
0.0655770000
0.0626600000
0.0655550000
0.0642640000
0.0633950000
0.0635870000
0.0629760000
0.0688700000
0.0634970000
0.0644980000
0.0653490000
0.0656450000
0.0691520000
0.0628620000
0.0630530000
0.0638060000
0.0633040000
0.0638520000
0.0646400000
0.0616030000
0.0646340000
0.0637980000
0.0632310000
0.0675480000
0.0641340000
0.0668040000
0.0654540000
0.0730450000
0.0730310000
0.0733670000
0.0670200000
0.0642690000
0.0682660000
0.0684790000
0.0629840000
0.0686220000
0.0783090000
0.0625230000
0.0644030000
0.0708840000
0.0679440000
0.0641790000
0.0668080000
0.0694680000
0.0641090000
0.0637300000
0.0645320000
0.0634610000
0.0648640000
0.0644000000
0.0621530000
0.0664200000
0.0628090000
0.0633200000
0.0638210000
0.0662190000
0.0642180000
0.0654820000
0.0663590000
0.0729550000
0.0674270000
0.0653150000
0.0640720000
0.0630550000
0.0643090000
